[ 7.97884005e-02 -8.24211298e-01  6.27249896e-01 -2.96252355e-01
  1.21453049e+00  2.21064971e-01 -7.38768387e-01  7.92347987e-01
 -1.34160783e-01 -1.16148217e+00  3.97533560e-01 -5.72844458e-01
  9.26393110e-01 -4.49799865e-02 -1.04939998e+00  5.01557818e-01
 -4.62201639e-01  1.11557430e+00  1.15100716e-01 -8.82824904e-01
  6.57306013e-01 -3.31633398e-01  1.17935056e+00  2.39501432e-01
 -7.17937267e-01  8.14171759e-01 -1.63346122e-01 -1.17487590e+00
  3.61619073e-01 -6.17989247e-01  9.27922235e-01 -5.39411771e-02
 -1.04644377e+00  5.13570432e-01 -5.17750409e-01  1.07182090e+00
  8.01272927e-02 -9.17314056e-01  6.56097671e-01 -3.51207301e-01
  1.23214703e+00  1.69594446e-01 -7.64038141e-01  7.54624361e-01
 -2.12358988e-01 -1.17835788e+00  3.63162614e-01 -6.31514213e-01
  9.15178267e-01 -7.31121051e-02 -1.06026848e+00  4.62200857e-01
 -5.00562172e-01  1.07423839e+00  6.16078240e-02 -8.49070666e-01
  6.58854989e-01 -3.03218229e-01  1.19154583e+00  2.22531915e-01
 -7.96979660e-01  7.57522259e-01 -2.27610987e-01 -1.21703365e+00
  3.39013710e-01 -6.82558222e-01  8.92872768e-01 -1.08969076e-01
 -1.06543216e+00  5.15683417e-01 -5.24717590e-01  1.02374890e+00
  5.48774161e-02 -9.42181921e-01  6.11016482e-01 -3.82166119e-01
  1.19200959e+00  1.98953224e-01 -8.04480495e-01  7.49297091e-01
 -2.41719019e-01 -1.30593019e+00  3.06362059e-01 -6.41055188e-01
  9.14587314e-01 -9.49531832e-02 -1.11723709e+00  4.59477852e-01
 -5.25188402e-01  9.74183860e-01  7.95300943e-03 -9.31785645e-01
  5.80794462e-01 -4.46104918e-01  1.14508167e+00  1.35737937e-01
 -7.93538653e-01  7.02388200e-01 -2.71687910e-01 -1.21709352e+00
  2.92709786e-01 -6.60710776e-01  8.73479203e-01 -1.20043063e-01
 -1.11278463e+00  4.36362543e-01 -5.33190136e-01  1.02773277e+00
 -1.41205441e-02 -9.82458586e-01  5.64555528e-01 -4.19288521e-01
  1.14588017e+00  1.50926007e-01 -8.39475296e-01  7.03553655e-01
 -2.49037429e-01 -1.28587583e+00  3.03657515e-01 -6.93333794e-01
  8.56432693e-01 -1.84200851e-01 -1.14505374e+00  3.99835011e-01
 -5.76360955e-01  9.84475805e-01 -3.63385218e-02 -9.46479617e-01
  5.74615577e-01 -4.39873635e-01  1.12653500e+00  1.27607061e-01
 -8.60371630e-01  6.53978559e-01 -2.76554736e-01  1.25616540e+00
  2.64521417e-01 -7.45612578e-01  8.44450026e-01 -1.39056451e-01
 -1.14815831e+00  3.95698884e-01 -5.79195827e-01  9.95053677e-01
 -6.46546458e-03 -1.03162527e+00  5.55160555e-01 -4.37241495e-01
  1.11089912e+00  1.36591373e-01 -8.71724329e-01  6.78963135e-01
 -2.96660612e-01  1.23884463e+00  2.49543140e-01 -6.80396633e-01
  7.96722590e-01 -1.63173603e-01 -1.17435004e+00  3.53390422e-01
 -5.94057218e-01  9.82823141e-01 -3.61417760e-02 -9.96755527e-01
  5.02427971e-01 -4.46661862e-01  1.10692027e+00  1.14278404e-01
 -8.48956228e-01  6.58439756e-01 -3.01848884e-01  1.21011696e+00
  2.02433197e-01 -7.68400740e-01  8.13286756e-01 -1.67489761e-01
 -1.21137481e+00  3.80241894e-01 -5.45955310e-01  9.70175279e-01
 -2.34327950e-02 -1.05353620e+00  5.36255449e-01 -4.77376107e-01
  1.08687671e+00  1.19139992e-01 -9.02662564e-01  6.65935631e-01
 -3.26473488e-01  1.22303117e+00  2.29668869e-01 -7.81960672e-01
  7.70041721e-01 -2.18281862e-01 -1.18986074e+00  3.66410688e-01
 -5.80183498e-01  9.29804139e-01 -4.62698602e-02 -9.89143722e-01
  5.27598404e-01 -4.17629602e-01  1.09801009e+00  1.17751132e-01
 -8.67519917e-01  6.60969222e-01 -3.40576466e-01  1.20250354e+00
  2.91407422e-01 -7.10877406e-01  8.13660062e-01 -2.04961187e-01
 -1.19691947e+00  4.03960008e-01 -5.97751434e-01  9.29000417e-01
 -1.98294805e-02 -1.03223900e+00  5.07662866e-01 -4.83209260e-01
  1.09016433e+00  1.35828939e-01 -8.86494033e-01  6.87433959e-01
 -3.27517252e-01  1.29327071e+00  2.55454838e-01 -7.42668251e-01
  8.37423051e-01 -1.63180617e-01 -1.14665304e+00  3.72398438e-01
 -5.88563276e-01  9.28224035e-01 -2.80096400e-02 -9.89759287e-01
  5.22644714e-01 -4.59587487e-01  1.09676343e+00  1.31220848e-01
 -8.66249138e-01  6.60492265e-01 -3.04666844e-01  1.22962211e+00
  2.49070310e-01 -7.23893837e-01  8.49718913e-01 -1.45124743e-01
 -1.15794251e+00  3.78545802e-01 -5.91295070e-01  9.80280305e-01
 -1.52074743e-02 -9.68650879e-01  5.30508500e-01 -4.05016813e-01
  1.14061113e+00  1.37939011e-01 -8.39172098e-01  6.79189989e-01
 -2.87593607e-01  1.28167269e+00  2.62667443e-01 -6.94270849e-01
  8.40590170e-01 -1.40098552e-01  1.44160479e+00  4.44309637e-01
 -5.63908600e-01  1.01563028e+00  3.10491748e-02 -9.71545104e-01
  5.62072764e-01 -4.02654404e-01  1.15765621e+00  1.75132708e-01
 -8.31813621e-01  7.38077451e-01 -2.76785648e-01  1.29638613e+00
  3.11113871e-01 -6.67336510e-01  8.81464953e-01 -1.12565161e-01
  1.41921859e+00  4.43263764e-01 -5.39987887e-01  1.01027839e+00
  5.50249731e-03 -9.76188190e-01  6.08044115e-01 -3.68610823e-01
  1.14501512e+00  1.72898291e-01 -8.47845225e-01  7.16208607e-01
 -2.76332757e-01  1.32027186e+00  3.11860555e-01 -6.69700504e-01
  8.96047135e-01 -9.84173338e-02  1.43891678e+00  4.61084935e-01
 -5.12421390e-01  1.02221668e+00  5.62020471e-02 -9.35424813e-01
  6.24282771e-01 -3.61295756e-01  1.17725273e+00  2.02392483e-01
 -7.68502407e-01  7.82068412e-01 -2.28884637e-01  1.34214310e+00
  3.29758736e-01 -6.80690897e-01  9.14387454e-01 -9.75438105e-02
  1.45281391e+00  4.93942552e-01 -4.87410856e-01  1.08246826e+00
  1.11976413e-01 -9.31710373e-01  6.29967917e-01 -3.94812740e-01
  1.18289525e+00  1.83610052e-01 -7.66847017e-01  8.18636889e-01
 -2.01614164e-01  1.35449714e+00  3.71941362e-01 -6.13303655e-01
  9.29963223e-01 -8.49564678e-02  1.52069065e+00  5.27572625e-01
 -4.80009198e-01  1.06566102e+00  1.22386662e-01 -8.95029429e-01
  6.82624459e-01 -3.41881737e-01  1.22111841e+00  2.40221537e-01
 -7.53799946e-01  7.87114462e-01 -2.48072473e-01  1.36882223e+00
  3.90112000e-01 -6.01363141e-01  9.53193005e-01 -7.23930183e-02
  1.51357847e+00  5.19506008e-01 -4.89332403e-01  1.10923631e+00
  1.19713768e-01 -8.27314195e-01  6.80991283e-01 -2.86472403e-01
  1.22029225e+00  2.36415425e-01 -7.65254944e-01  8.05144475e-01
 -1.47292856e-01  1.34626758e+00  3.62649650e-01 -6.21881105e-01
  9.43719129e-01 -7.30875571e-03  1.51222572e+00  5.67709694e-01
 -4.56404537e-01  1.08025261e+00  9.51408819e-02 -8.66615248e-01
  6.72907353e-01 -3.03678827e-01  1.29510488e+00  2.46765735e-01
 -7.12280193e-01  8.08337541e-01 -1.35882169e-01  1.36320055e+00
  3.96950704e-01 -5.60946277e-01  9.41804043e-01 -7.68480677e-03
  1.55035799e+00  5.27764120e-01 -4.31219740e-01  1.08538722e+00
  1.07004988e-01  1.64776041e+00  6.74327970e-01 -3.03819331e-01
  1.25331497e+00  2.24425022e-01 -7.13014343e-01  8.71066915e-01
 -1.77708618e-01  1.40051919e+00  3.55266242e-01 -6.20584046e-01
  9.54456157e-01 -2.79007262e-02  1.53366836e+00  4.90367219e-01
 -4.02247180e-01  1.07813378e+00  6.48883925e-02  1.59662579e+00
  6.41703241e-01 -3.52231322e-01  1.17579520e+00  2.15390561e-01
 -7.62966904e-01  7.91931878e-01 -2.43409988e-01  1.28963820e+00
  3.21183723e-01 -6.75144393e-01  8.94641651e-01 -1.31062412e-01
  1.41995953e+00  4.58324955e-01 -5.47025978e-01  9.59508245e-01
 -9.34911515e-04  1.54767678e+00  5.65991588e-01 -4.14726494e-01
  1.13416087e+00  3.37384547e-02 -8.55292477e-01  5.92497149e-01
 -3.23211757e-01  1.25450609e+00  3.00361013e-01 -8.12207786e-01
  7.51579005e-01 -1.96244725e-01  1.34756215e+00  3.41629098e-01
 -5.92976032e-01  8.48173566e-01 -7.61847692e-02  1.44539977e+00
  4.46039214e-01 -5.08887156e-01  1.06068719e+00  3.49971618e-02
 -1.07794374e+00  5.98025057e-01 -3.51518973e-01  1.14477330e+00
  2.09955027e-01 -7.42573876e-01  7.81529421e-01 -2.21025047e-01
  1.34120327e+00  2.79561632e-01 -7.94940524e-01  7.58132518e-01
 -2.36083453e-01  1.39582872e+00  4.79813199e-01 -6.46456390e-01
  8.78302217e-01 -4.22281021e-02 -9.80090122e-01  4.77696168e-01
 -5.60625391e-01  1.01270538e+00  1.18183300e-02 -9.41611534e-01
  6.19897064e-01 -4.55391952e-01  1.10269429e+00  1.12281594e-01
 -9.20347392e-01  6.52719622e-01 -3.07440977e-01  1.17385218e+00
  9.96671277e-02 -8.23568852e-01  6.64526014e-01 -3.63078687e-01
 -1.39081904e+00  1.64677679e-01 -8.35997131e-01  9.02691804e-01
 -1.09646691e-01 -1.28704908e+00  1.85612742e-01 -7.23636116e-01
  6.35109762e-01 -2.91914515e-01 -1.26719811e+00  2.11985451e-01
 -8.13171868e-01  6.97182447e-01 -3.60499253e-01 -1.40191710e+00
  9.28665996e-02 -7.59611184e-01 -1.81198957e+00 -3.44601137e-01
 -1.25959132e+00  2.08764652e-01 -7.61083271e-01 -1.92939522e+00
 -2.80140979e-01 -1.29857042e+00  9.39080735e-02 -7.47508701e-01
 -1.75782560e+00 -2.68454938e-01 -1.07796414e+00  2.52015932e-01
 -8.32289974e-01 -1.79628203e+00 -2.54075679e-01 -1.33553029e+00
  2.18014177e-01 -7.55081858e-01 -1.69837865e+00 -1.19188165e-01
 -1.13303743e+00 -2.23021161e+00 -6.36287536e-01 -1.58351456e+00
 -6.16057681e-02 -1.11030481e+00 -2.09115436e+00 -6.27140495e-01
 -1.56475270e+00 -3.67278411e-02 -1.05818399e+00 -2.00048137e+00
 -4.95037254e-01 -1.53722627e+00  1.40356810e-01 -8.84627335e-01
 -1.93233355e+00 -3.65146401e-01 -1.32761199e+00 -2.31502149e+00
 -7.72556386e-01 -1.75844570e+00 -2.44974178e-01 -1.26977781e+00
 -2.23517760e+00 -7.98385072e-01 -1.68640412e+00 -1.17858698e-01
 -1.15525879e+00 -2.16947799e+00 -5.59956781e-01 -1.62820122e+00
  3.25855211e-04 -1.01874521e+00 -2.01913941e+00 -4.18002319e-01
 -1.45839981e+00 -2.42887520e+00 -9.23538344e-01 -1.87779307e+00
 -2.82247437e-01 -1.32317466e+00 -2.25861593e+00 -7.91125600e-01
 -1.72726693e+00 -1.36362516e-01 -1.16401882e+00 -2.18217793e+00
 -6.31865460e-01 -1.57776550e+00 -5.65140431e-02 -1.02091173e+00
 -2.03348119e+00 -4.71835547e-01 -1.46885384e+00 -2.43545267e+00
 -8.83245633e-01 -1.89605265e+00 -2.91427673e-01 -1.33257629e+00
 -2.33250721e+00 -7.59992843e-01 -1.71412192e+00 -1.67399216e-01
 -1.16426938e+00 -2.12193214e+00 -5.58303095e-01 -1.60297730e+00
  9.61420298e-03 -9.82807538e-01 -1.97235138e+00 -4.67134745e-01
 -1.45579172e+00 -2.40602971e+00 -8.59727244e-01 -1.86703796e+00
 -3.05644267e-01 -1.24852000e+00 -2.25267689e+00 -7.03727557e-01
 -1.67308553e+00 -1.50259504e-01 -1.10491581e+00 -2.09937564e+00
 -5.15916291e-01 -1.56353862e+00  3.18784316e-02 -9.66577077e-01
 -1.95185795e+00 -3.70882898e-01 -1.37949348e+00 -2.38747694e+00
 -7.98358023e-01 -1.82864778e+00 -2.56311825e-01 -1.24306788e+00
 -2.24623776e+00 -6.59807217e-01 -1.63908271e+00 -8.74081407e-02
 -1.09394994e+00 -2.08516547e+00 -4.85880565e-01 -1.47305734e+00
  4.65168822e-02 -9.09163040e-01 -1.91145711e+00 -3.55407090e-01
 -1.33021031e+00 -2.32060093e+00 -7.43330547e-01 -1.75677165e+00
 -2.10487476e-01 -1.19385053e+00 -2.16990971e+00 -6.09543180e-01
 -1.62608502e+00 -5.19478021e-02 -1.01315909e+00 -2.00086264e+00
 -4.38046455e-01 -1.44855042e+00  9.95352542e-02 -8.59875793e-01
 -1.87462364e+00 -3.06439207e-01 -1.28901315e+00  2.93799182e-01
 -7.36468918e-01 -1.72116671e+00 -1.53223194e-01 -1.13498749e+00
 -2.12269852e+00 -5.65324885e-01 -1.55394332e+00 -6.68544903e-04
 -9.98483583e-01 -1.96858630e+00 -4.07533887e-01 -1.41166516e+00
  1.69505202e-01 -8.51157512e-01 -1.80100876e+00 -2.68020902e-01
 -1.22115794e+00  2.89855349e-01 -6.44897434e-01 -1.66324999e+00
 -1.02156413e-01 -1.08412515e+00 -2.09386113e+00 -5.28759102e-01
 -1.50803687e+00  4.31552449e-02 -9.43612013e-01 -1.92497534e+00
 -3.66969315e-01 -1.35726672e+00  2.00115679e-01 -7.74069889e-01
 -1.76806189e+00 -2.35796357e-01 -1.21182528e+00  3.25065388e-01
 -6.67784596e-01 -1.63250093e+00 -6.39571509e-02 -1.05024244e+00
 -2.03436205e+00 -5.10092669e-01 -1.49235114e+00  7.57127914e-02
 -9.22333664e-01 -1.89321161e+00 -3.37890050e-01 -1.37015322e+00
  2.33240882e-01 -7.52302511e-01 -1.74191484e+00 -2.13454116e-01
 -1.17159466e+00  3.76346224e-01 -6.29283876e-01 -1.62230122e+00
 -5.32121238e-02 -1.02736336e+00 -2.00975407e+00 -4.67871669e-01
 -1.44384607e+00  9.44540884e-02 -8.70454946e-01 -1.87562268e+00
 -3.24615921e-01 -1.31475409e+00  2.62511011e-01 -7.61255367e-01
 -1.72649936e+00 -1.75708542e-01 -1.16067946e+00  4.22862622e-01
 -6.12604076e-01 -1.59714047e+00 -3.22256833e-02 -1.01443373e+00
 -1.99438848e+00 -4.53055302e-01 -1.43623608e+00  1.61197838e-01
 -8.64392661e-01 -1.84068540e+00 -2.83223665e-01 -1.27059004e+00
  2.84218638e-01 -7.10171157e-01 -1.69032879e+00 -1.56972241e-01
 -1.15232811e+00  4.09610993e-01 -5.67811976e-01 -1.57385995e+00
  9.52843302e-03 -9.83819218e-01 -1.98205611e+00 -3.97332901e-01
 -1.40813963e+00  1.61301219e-01 -8.30922335e-01 -1.81740269e+00
 -2.64445819e-01 -1.25510690e+00  2.78425975e-01 -7.04559148e-01
 -1.68632860e+00 -1.51322739e-01 -1.09519036e+00  4.16116728e-01
 -5.76283171e-01 -1.54326043e+00  1.94747568e-02 -9.74264196e-01
  5.56806231e-01 -3.96710134e-01 -1.42456564e+00  1.44739549e-01
 -8.35302179e-01 -1.81129241e+00 -2.55025924e-01 -1.24904909e+00
  3.05155358e-01 -6.95212720e-01 -1.68241394e+00 -1.35453364e-01
 -1.12182143e+00  4.12632629e-01 -5.54328677e-01 -1.55885606e+00
 -8.52691837e-03 -9.77716947e-01  5.73535419e-01 -4.10511549e-01
 -1.40746420e+00  1.36659495e-01 -8.34419582e-01 -1.84252784e+00
 -2.79161051e-01 -1.26309265e+00  2.74482703e-01 -6.96473043e-01
 -1.68973496e+00 -1.20605970e-01 -1.12895073e+00  4.34553985e-01
 -5.72084192e-01 -1.54965114e+00  4.49289910e-03 -1.00069124e+00
  5.61610888e-01 -4.14905010e-01 -1.40835286e+00  1.39876961e-01
 -8.23576731e-01 -1.83474629e+00 -2.80032241e-01 -1.27215214e+00
  2.67635105e-01 -7.01327768e-01 -1.67096325e+00 -1.25372421e-01
 -1.13114984e+00  4.20270568e-01 -5.48857084e-01 -1.53251221e+00
  1.60708589e-02 -9.75807457e-01  5.70989178e-01 -4.10409408e-01
 -1.39661721e+00  1.60045328e-01 -8.12634683e-01 -1.81544595e+00
 -2.68897852e-01 -1.25689797e+00  2.96279876e-01 -6.95848314e-01
 -1.67821988e+00 -1.08827599e-01 -1.09755893e+00  4.27852061e-01
 -5.65354096e-01 -1.54608487e+00  2.01800451e-02 -9.59219248e-01
  5.89945159e-01 -4.00480658e-01 -1.39265031e+00  1.58016358e-01
 -8.21741556e-01 -1.80694569e+00 -2.44702203e-01 -1.25191125e+00
  3.21484435e-01 -6.82827258e-01 -1.66456469e+00 -1.21135420e-01
 -1.10126596e+00  4.55174100e-01 -5.33219840e-01 -1.52598818e+00
  2.65314008e-02 -9.71630310e-01  5.93571810e-01 -3.78853187e-01
 -1.38125400e+00  1.75708292e-01 -8.17160607e-01 -1.78642904e+00
 -2.63330026e-01 -1.24485817e+00  3.09227434e-01 -6.70996838e-01
 -1.66851526e+00 -9.32761153e-02 -1.09114335e+00  4.56790115e-01
 -5.12495163e-01 -1.51059269e+00  7.24404036e-02 -9.53269461e-01
  6.15123754e-01 -3.73911111e-01 -1.37862749e+00  1.87716460e-01
 -7.96342126e-01 -1.78201054e+00 -2.31109604e-01 -1.21766467e+00
  3.33746105e-01 -6.60079244e-01 -1.65583839e+00 -1.01729174e-01
 -1.06596127e+00  4.71960195e-01 -4.94839444e-01 -1.49735101e+00
  5.18987020e-02 -9.23694004e-01  6.24607060e-01 -3.79962500e-01
 -1.36114584e+00  2.06321119e-01 -8.08053177e-01  7.64358583e-01
 -2.27930989e-01 -1.19705975e+00  3.41110507e-01 -6.55227965e-01
 -1.63243726e+00 -7.32154851e-02 -1.05833509e+00  4.75599922e-01
 -4.94375160e-01 -1.47408300e+00  4.99242678e-02 -9.11891990e-01
  6.27747203e-01 -3.55563420e-01 -1.32866727e+00  2.12812521e-01
 -7.68622308e-01  7.76121914e-01 -2.29334766e-01 -1.18558314e+00
  3.51776792e-01 -6.42304800e-01 -1.60330157e+00 -6.14437662e-02
 -1.06308587e+00  4.94404975e-01 -4.67495954e-01 -1.48312888e+00
  1.06457527e-01 -9.07864791e-01  6.46340525e-01 -3.48329889e-01
 -1.33007447e+00  2.00141583e-01 -7.66857936e-01  7.79695247e-01
 -1.98249521e-01 -1.18870511e+00  3.55076937e-01 -6.16810325e-01
 -1.59268272e+00 -4.72241195e-02 -1.03456463e+00  5.16317793e-01
 -4.99072539e-01 -1.44266548e+00  1.02527823e-01 -8.92110282e-01
  6.43557414e-01 -3.28055627e-01 -1.33358107e+00  2.27793115e-01
 -7.71383047e-01  7.81091491e-01 -1.99451502e-01 -1.17809755e+00
  3.63749297e-01 -6.15954814e-01 -1.58960750e+00 -4.18303108e-02
 -1.01864470e+00  5.28823772e-01 -4.58499640e-01 -1.43807811e+00
  6.05915296e-02 -8.65982481e-01  6.53950697e-01 -2.94298373e-01
 -1.31366102e+00  2.29908327e-01 -7.20922495e-01  7.94399284e-01
 -1.79876158e-01 -1.13204454e+00  4.27659015e-01 -5.92011659e-01
 -1.59750377e+00 -3.05803287e-02 -1.03448281e+00  5.22371577e-01
 -4.16271603e-01 -1.46903241e+00  1.12766314e-01 -8.89568114e-01
  6.70777447e-01 -3.30421765e-01 -1.32411026e+00  2.47659965e-01
 -7.23102227e-01  7.93877640e-01 -1.80474358e-01 -1.20490329e+00
  3.89905866e-01 -6.36435901e-01 -1.61703061e+00 -5.34725605e-02]