[-0.37425765 -0.34288283 -0.34168719 -0.3413459  -0.33042065 -0.3207385
 -0.33196315 -0.32175195 -0.29923902 -0.28388519 -0.30205085 -0.28626956
 -0.28716963 -0.28252212 -0.27479223 -0.26230826 -0.2568196  -0.25472751
 -0.24642671 -0.23935494 -0.24670171 -0.2348907  -0.23429916 -0.22358141
 -0.22642707 -0.21054558 -0.21929357 -0.22224041 -0.20023374 -0.18451172
 -0.19193104 -0.19433149 -0.19359087 -0.15746393 -0.164494   -0.17821195
 -0.16433885 -0.16933509 -0.14847004 -0.14169464 -0.13181144 -0.14033119
 -0.14506462 -0.12384368 -0.11867078 -0.11950904 -0.11746311 -0.11110727
 -0.10474839 -0.10356924 -0.09858774 -0.08254702 -0.07644328 -0.07533872
 -0.06572351 -0.06378341 -0.0576417  -0.03858962 -0.03398095 -0.03220607
 -0.02574312 -0.02651487 -0.00780526  0.00505383  0.01347054  0.00917005
  0.0183638   0.03184152  0.0377167   0.04576712  0.05420846  0.07069776
  0.07646879  0.08956843  0.08057934  0.10440875  0.11571994  0.11022577
  0.12641774  0.15268971  0.15510015  0.15954118  0.16357492  0.18442521
  0.20217708  0.20741755  0.22743472  0.22387612  0.23232067  0.25468004
  0.25750954  0.25780336  0.26259991  0.29111664  0.2917538   0.30134749
  0.30750222  0.31193864  0.32298381  0.3375878   0.37074499  0.357719
  0.36566147  0.37184934  0.39023062  0.4126222   0.43053683  0.42377714
  0.42785188  0.43426009  0.44930808  0.46169673  0.46483503  0.47985598
  0.46473998  0.49401417  0.50020467  0.48903893  0.50915286  0.49584603
  0.52012401  0.52337187  0.50487125  0.50013888  0.50602173  0.52830352
  0.52843305  0.5281831   0.49443372  0.51489531  0.48404047  0.49343131
  0.48295228  0.49783783  0.44728614  0.46826683  0.4388769   0.42364137
  0.4311113   0.42256233  0.40763792  0.39008838  0.41059802  0.34853032
  0.37232996  0.40448604  0.35446829  0.34878385  0.31297904  0.29905878
  0.26635317  0.26895763  0.26564286  0.20013742  0.16930931  0.1367897
  0.07838382  0.02956137 -0.02848978 -0.06647386 -0.0984347  -0.11092982
 -0.18292564 -0.24374404 -0.24607475 -0.28414568 -0.35797961 -0.38060545
 -0.40031192 -0.3949457  -0.40721049 -0.46177463 -0.48335712 -0.49544321
 -0.52739683 -0.48011087 -0.52574909 -0.53493248 -0.56124299 -0.53928324
 -0.54650979 -0.53280177 -0.54145054 -0.549327   -0.53035099 -0.53515035
 -0.53796102 -0.55120994 -0.53203118 -0.52029783 -0.52115855 -0.50159619
 -0.4975723  -0.49494121 -0.4737862  -0.4631115  -0.45221214 -0.44519703
 -0.44250344 -0.42292898 -0.42624094 -0.40334267 -0.38224077 -0.38574502
 -0.36187497 -0.36473058 -0.36028968 -0.32795803 -0.31878768 -0.30750792
 -0.29387451 -0.27567229 -0.26041061 -0.26552643 -0.23752219 -0.23095369
 -0.22391117 -0.2065556  -0.21104785 -0.1893318  -0.17299853 -0.16009935
 -0.15416171 -0.15067013 -0.13826673 -0.13001396 -0.10666323 -0.10525649
 -0.0963756  -0.07871236 -0.07027758 -0.05498166 -0.05407469 -0.03264142
 -0.02409399 -0.02335186 -0.00769144  0.0053233   0.02332681  0.03206415
  0.02641354  0.05122732  0.06007732  0.06753079  0.08386215  0.09393901
  0.0958796   0.10421526  0.10674067  0.11698159  0.11664938  0.12980792
  0.12449676  0.12487294  0.14118426  0.14855572  0.15976145  0.15774869
  0.17863658  0.17500241  0.18486211  0.19708474  0.20935279  0.20097321
  0.23665493  0.23345383  0.24294965  0.25397986  0.25939756  0.28004606
  0.2787899   0.28211457  0.29525782  0.31141683  0.31697362  0.332198
  0.34235554  0.35202441  0.35792687  0.36373176  0.38525822  0.39421309
  0.3998833   0.40696965  0.41970726  0.42378581  0.43794915  0.45538955
  0.4659527   0.47060869  0.47958242  0.49278084  0.50839593  0.50737975
  0.51629813  0.51930693  0.53669088  0.55189011  0.55507227  0.56859441
  0.57798652  0.58143402  0.59528516  0.60958724  0.62023595  0.62629142
  0.64432701  0.64837126  0.66104116  0.67326085  0.67674253  0.69111146
  0.7089336   0.70078165  0.71918391  0.72222577  0.73003644  0.72615959
  0.71961222  0.73229158]